      1     1      100.8930000      0.0000000
      2     1      100.4509227     -0.0625600
      3     1       99.2435073     -0.2316056
      4     1       97.3546175     -0.4912347
      5     1       94.8539900     -0.8257802
      6     1       91.8124094     -1.2196827
      7     1       88.3030219     -1.6569216
      8     1       84.4007069     -2.1227686
      9     1       80.1805789     -2.6030787
     10     1       75.7166077     -3.0853501
     11     1       71.0801788     -3.5580040
     12     1       66.3389518     -4.0105720
     13     1       61.5559159     -4.4335818
     14     1       56.7886735     -4.8183664
     15     1       52.0889483     -5.1574867
     16     1       47.5022496     -5.4446252
     17     1       43.0677029     -5.6748529
     18     1       38.8180070     -5.8448647
     19     1       34.7795118     -5.9530236
     20     1       30.9723967     -5.9995205
     21     1       27.4109642     -5.9861706
     22     1       24.1040243     -5.9162693
     23     1       21.0553670     -5.7943312
     24     1       18.2643117     -5.6257443
     25     1       15.7263175     -5.4163924
     26     1       13.4336271     -5.1723097
     27     1       11.3759033     -4.8994602
     28     1        9.5408769     -4.6034431
     29     1        7.9149404     -4.2893636
     30     1        6.4837070     -3.9616975
     31     1        5.2325941     -3.6240003
     32     1        4.1472004     -3.2791344
     33     1        3.2136934     -2.9292446
     34     1        2.4191598     -2.5757313
     35     1        1.7520143     -2.2191222
     36     1        1.2022206     -1.8593307
     37     1        0.7615705     -1.4958131
     38     1        0.4241639     -1.1277160
     39     1        0.1863347     -0.7547576
     40     1        0.0459297     -0.3780530
     41     1        0.0000000     -0.0000000
     42     1        0.0459297      0.3780530
     43     1        0.1863347      0.7547576
     44     1        0.4241639      1.1277160
     45     1        0.7615705      1.4958131
     46     1        1.2022206      1.8593307
     47     1        1.7520143      2.2191222
     48     1        2.4191598      2.5757313
     49     1        3.2136934      2.9292446
     50     1        4.1472004      3.2791344
     51     1        5.2325941      3.6240003
     52     1        6.4837070      3.9616975
     53     1        7.9149404      4.2893636
     54     1        9.5408769      4.6034431
     55     1       11.3759033      4.8994602
     56     1       13.4336271      5.1723097
     57     1       15.7263175      5.4163924
     58     1       18.2643117      5.6257443
     59     1       21.0553670      5.7943312
     60     1       24.1040243      5.9162693
     61     1       27.4109642      5.9861706
     62     1       30.9723967      5.9995205
     63     1       34.7795118      5.9530236
     64     1       38.8180070      5.8448647
     65     1       43.0677029      5.6748529
     66     1       47.5022496      5.4446252
     67     1       52.0889483      5.1574867
     68     1       56.7886735      4.8183664
     69     1       61.5559159      4.4335818
     70     1       66.3389518      4.0105720
     71     1       71.0801788      3.5580040
     72     1       75.7166077      3.0853501
     73     1       80.1805789      2.6030787
     74     1       84.4007069      2.1227686
     75     1       88.3030219      1.6569216
     76     1       91.8124094      1.2196827
     77     1       94.8539900      0.8257802
     78     1       97.3546175      0.4912347
     79     1       99.2435073      0.2316056
     80     1      100.4509227      0.0625600
     81     1      100.8930000      0.0000000
      1     2      101.0301096      0.0000000
      2     2      100.6251708     -0.5031120
      3     2       99.4601945     -1.0631448
      4     2       97.6062706     -1.6806423
      5     2       95.1307805     -2.3418920
      6     2       92.1035366     -3.0307141
      7     2       88.5973557     -3.7300486
      8     2       84.6873732     -4.4242383
      9     2       80.4493597     -5.0986207
     10     2       75.9582895     -5.7406248
     11     2       71.2867739     -6.3391222
     12     2       66.5038446     -6.8845891
     13     2       61.6739301     -7.3689581
     14     2       56.8560710     -7.7853820
     15     2       52.1033788     -8.1285669
     16     2       47.4626534     -8.3946006
     17     2       42.9741834     -8.5811320
     18     2       38.6716805     -8.6875216
     19     2       34.5823441     -8.7148125
     20     2       30.7270332     -8.6658162
     21     2       27.1205619     -8.5448585
     22     2       23.7720920     -8.3575886
     23     2       20.6856171     -8.1106844
     24     2       17.8605292     -7.8114862
     25     2       15.2922493     -7.4676076
     26     2       12.9728922     -7.0865868
     27     2       10.8919213     -6.6756635
     28     2        9.0368172     -6.2414928
     29     2        7.3936856     -5.7900239
     30     2        5.9478299     -5.3263770
     31     2        4.6843628     -4.8545784
     32     2        3.5885778     -4.3777899
     33     2        2.6463431     -3.8983025
     34     2        1.8444608     -3.4175305
     35     2        1.1711091     -2.9359137
     36     2        0.6160641     -2.4531872
     37     2        0.1710057     -1.9685608
     38     2       -0.1699171     -1.4808950
     39     2       -0.4101795     -0.9895683
     40     2       -0.5517496     -0.4952872
     41     2       -0.5978990     -0.0000000
     42     2       -0.5517496      0.4952872
     43     2       -0.4101795      0.9895683
     44     2       -0.1699171      1.4808950
     45     2        0.1710057      1.9685608
     46     2        0.6160641      2.4531872
     47     2        1.1711091      2.9359137
     48     2        1.8444608      3.4175305
     49     2        2.6463431      3.8983025
     50     2        3.5885778      4.3777899
     51     2        4.6843628      4.8545784
     52     2        5.9478299      5.3263770
     53     2        7.3936856      5.7900239
     54     2        9.0368172      6.2414928
     55     2       10.8919213      6.6756635
     56     2       12.9728922      7.0865868
     57     2       15.2922493      7.4676076
     58     2       17.8605292      7.8114862
     59     2       20.6856171      8.1106844
     60     2       23.7720920      8.3575886
     61     2       27.1205619      8.5448585
     62     2       30.7270332      8.6658162
     63     2       34.5823441      8.7148125
     64     2       38.6716805      8.6875216
     65     2       42.9741834      8.5811320
     66     2       47.4626534      8.3946006
     67     2       52.1033788      8.1285669
     68     2       56.8560710      7.7853820
     69     2       61.6739301      7.3689581
     70     2       66.5038446      6.8845891
     71     2       71.2867739      6.3391222
     72     2       75.9582895      5.7406248
     73     2       80.4493597      5.0986207
     74     2       84.6873732      4.4242383
     75     2       88.5973557      3.7300486
     76     2       92.1035366      3.0307141
     77     2       95.1307805      2.3418920
     78     2       97.6062706      1.6806423
     79     2       99.4601945      1.0631448
     80     2      100.6251708      0.5031120
     81     2      101.0301096      0.0000000
      1     3      101.4513109      0.0000000
      2     3      101.0627202     -0.9601145
      3     3       99.9240810     -1.9454875
      4     3       98.0906506     -2.9560891
      5     3       95.6250835     -3.9780077
      6     3       92.5955202     -4.9936234
      7     3       89.0743111     -5.9842814
      8     3       85.1369409     -6.9329598
      9     3       80.8600484     -7.8241471
     10     3       76.3198867     -8.6449718
     11     3       71.5906014     -9.3846304
     12     3       66.7429172    -10.0345201
     13     3       61.8430177    -10.5880514
     14     3       56.9516818    -11.0403566
     15     3       52.1236798    -11.3885190
     16     3       47.4073387    -11.6313209
     17     3       42.8443063    -11.7693182
     18     3       38.4694612    -11.8048893
     19     3       34.3109639    -11.7421178
     20     3       30.3904243    -11.5867906
     21     3       26.7232036    -11.3460824
     22     3       23.3188183    -11.0283101
     23     3       20.1814424    -10.6425989
     24     3       17.3104955    -10.1984924
     25     3       14.7012988     -9.7055515
     26     3       12.3457660     -9.1730024
     27     3       10.2330799     -8.6095124
     28     3        8.3503852     -8.0229162
     29     3        6.6834144     -7.4201034
     30     3        5.2170763     -6.8069128
     31     3        3.9360968     -6.1878972
     32     3        2.8253873     -5.5665582
     33     3        1.8704485     -4.9453612
     34     3        1.0577401     -4.3257546
     35     3        0.3751569     -3.7081045
     36     3       -0.1877436     -3.0919771
     37     3       -0.6394061     -2.4763355
     38     3       -0.9856302     -1.8597353
     39     3       -1.2296826     -1.2411615
     40     3       -1.3733075     -0.6208055
     41     3       -1.4200016     -0.0000000
     42     3       -1.3733075      0.6208055
     43     3       -1.2296826      1.2411615
     44     3       -0.9856302      1.8597353
     45     3       -0.6394061      2.4763355
     46     3       -0.1877436      3.0919771
     47     3        0.3751569      3.7081045
     48     3        1.0577401      4.3257546
     49     3        1.8704485      4.9453612
     50     3        2.8253873      5.5665582
     51     3        3.9360968      6.1878972
     52     3        5.2170763      6.8069128
     53     3        6.6834144      7.4201034
     54     3        8.3503852      8.0229162
     55     3       10.2330799      8.6095124
     56     3       12.3457660      9.1730024
     57     3       14.7012988      9.7055515
     58     3       17.3104955     10.1984924
     59     3       20.1814424     10.6425989
     60     3       23.3188183     11.0283101
     61     3       26.7232036     11.3460824
     62     3       30.3904243     11.5867906
     63     3       34.3109639     11.7421178
     64     3       38.4694612     11.8048893
     65     3       42.8443063     11.7693182
     66     3       47.4073387     11.6313209
     67     3       52.1236798     11.3885190
     68     3       56.9516818     11.0403566
     69     3       61.8430177     10.5880514
     70     3       66.7429172     10.0345201
     71     3       71.5906014      9.3846304
     72     3       76.3198867      8.6449718
     73     3       80.8600484      7.8241471
     74     3       85.1369409      6.9329598
     75     3       89.0743111      5.9842814
     76     3       92.5955202      4.9936234
     77     3       95.6250835      3.9780077
     78     3       98.0906506      2.9560891
     79     3       99.9240810      1.9454875
     80     3      101.0627202      0.9601145
     81     3      101.4513109      0.0000000
      1     4      102.2684145      0.0000000
      2     4      101.8864987     -1.4752322
      3     4      100.7584938     -2.9526427
      4     4       98.9281195     -4.4237949
      5     4       96.4524541     -5.8711370
      6     4       93.3974727     -7.2740377
      7     4       89.8350152     -8.6112564
      8     4       85.8411377     -9.8636887
      9     4       81.4937317    -11.0144600
     10     4       76.8708103    -12.0500638
     11     4       72.0485889    -12.9598616
     12     4       67.1000414    -13.7361771
     13     4       62.0936577    -14.3740569
     14     4       57.0924774    -14.8709069
     15     4       52.1534078    -15.2265948
     16     4       47.3267229    -15.4430943
     17     4       42.6557841    -15.5244304
     18     4       38.1769205    -15.4765997
     19     4       33.9194676    -15.3073435
     20     4       29.9059327    -15.0260356
     21     4       26.1523078    -14.6432899
     22     4       22.6684933    -14.1706459
     23     4       19.4588252    -13.6201864
     24     4       16.5226938    -13.0041170
     25     4       13.8552330    -12.3343507
     26     4       11.4480448    -11.6221515
     27     4        9.2899059    -10.8779098
     28     4        7.3674907    -10.1108837
     29     4        5.6660203     -9.3290995
     30     4        4.1698729     -8.5392662
     31     4        2.8632557     -7.7465772
     32     4        1.7305767     -6.9549523
     33     4        0.7568596     -6.1670798
     34     4       -0.0718716     -5.3844638
     35     4       -0.7680826     -4.6073956
     36     4       -1.3424924     -3.8352473
     37     4       -1.8037112     -3.0666853
     38     4       -2.1575181     -2.2998810
     39     4       -2.4069969     -1.5333123
     40     4       -2.5536833     -0.7665059
     41     4       -2.6012715     -0.0000000
     42     4       -2.5536833      0.7665059
     43     4       -2.4069969      1.5333123
     44     4       -2.1575181      2.2998810
     45     4       -1.8037112      3.0666853
     46     4       -1.3424924      3.8352473
     47     4       -0.7680826      4.6073956
     48     4       -0.0718716      5.3844638
     49     4        0.7568596      6.1670798
     50     4        1.7305767      6.9549523
     51     4        2.8632557      7.7465772
     52     4        4.1698729      8.5392662
     53     4        5.6660203      9.3290995
     54     4        7.3674907     10.1108837
     55     4        9.2899059     10.8779098
     56     4       11.4480448     11.6221515
     57     4       13.8552330     12.3343507
     58     4       16.5226938     13.0041170
     59     4       19.4588252     13.6201864
     60     4       22.6684933     14.1706459
     61     4       26.1523078     14.6432899
     62     4       29.9059327     15.0260356
     63     4       33.9194676     15.3073435
     64     4       38.1769205     15.4765997
     65     4       42.6557841     15.5244304
     66     4       47.3267229     15.4430943
     67     4       52.1534078     15.2265948
     68     4       57.0924774     14.8709069
     69     4       62.0936577     14.3740569
     70     4       67.1000414     13.7361771
     71     4       72.0485889     12.9598616
     72     4       76.8708103     12.0500638
     73     4       81.4937317     11.0144600
     74     4       85.8411377      9.8636887
     75     4       89.8350152      8.6112564
     76     4       93.3974727      7.2740377
     77     4       96.4524541      5.8711370
     78     4       98.9281195      4.4237949
     79     4      100.7584938      2.9526427
     80     4      101.8864987      1.4752322
     81     4      102.2684145      0.0000000
      1     5      103.7076599      0.0000000
      2     5      103.3244597     -2.0903902
      3     5      102.1883457     -4.1636674
      4     5      100.3358132     -6.1990965
      5     5       97.8190722     -8.1717077
      6     5       94.7020154    -10.0554649
      7     5       91.0562409    -11.8249248
      8     5       86.9588841    -13.4577383
      9     5       82.4897859    -14.9348445
     10     5       77.7295384    -16.2415705
     11     5       72.7573172    -17.3671832
     12     5       67.6492590    -18.3049248
     13     5       62.4770579    -19.0516990
     14     5       57.3068639    -19.6076096
     15     5       52.1984966    -19.9759012
     16     5       47.2048592    -20.1624680
     17     5       42.3716026    -20.1756309
     18     5       37.7369713    -20.0258951
     19     5       33.3318283    -19.7255793
     20     5       29.1798235    -19.2885631
     21     5       25.2977260    -18.7297932
     22     5       21.6958774    -18.0648789
     23     5       18.3787571    -17.3096464
     24     5       15.3456449    -16.4796769
     25     5       12.5913557    -15.5898708
     26     5       10.1070115    -14.6540837
     27     5        7.8807881    -13.6849020
     28     5        5.8986797    -12.6934006
     29     5        4.1451804    -11.6890603
     30     5        2.6039236    -10.6797084
     31     5        1.2583918     -9.6713630
     32     5        0.0922969     -8.6684876
     33     5       -0.9099882     -7.6740652
     34     5       -1.7630282     -6.6896795
     35     5       -2.4797810     -5.7155283
     36     5       -3.0713525     -4.7507297
     37     5       -3.5466101     -3.7935561
     38     5       -3.9113957     -2.8416617
     39     5       -4.1686862     -1.8928505
     40     5       -4.3198685     -0.9457882
     41     5       -4.3688386     -0.0000000
     42     5       -4.3198685      0.9457882
     43     5       -4.1686862      1.8928505
     44     5       -3.9113957      2.8416617
     45     5       -3.5466101      3.7935561
     46     5       -3.0713525      4.7507297
     47     5       -2.4797810      5.7155283
     48     5       -1.7630282      6.6896795
     49     5       -0.9099882      7.6740652
     50     5        0.0922969      8.6684876
     51     5        1.2583918      9.6713630
     52     5        2.6039236     10.6797084
     53     5        4.1451804     11.6890603
     54     5        5.8986797     12.6934006
     55     5        7.8807881     13.6849020
     56     5       10.1070115     14.6540837
     57     5       12.5913557     15.5898708
     58     5       15.3456449     16.4796769
     59     5       18.3787571     17.3096464
     60     5       21.6958774     18.0648789
     61     5       25.2977260     18.7297932
     62     5       29.1798235     19.2885631
     63     5       33.3318283     19.7255793
     64     5       37.7369713     20.0258951
     65     5       42.3716026     20.1756309
     66     5       47.2048592     20.1624680
     67     5       52.1984966     19.9759012
     68     5       57.3068639     19.6076096
     69     5       62.4770579     19.0516990
     70     5       67.6492590     18.3049248
     71     5       72.7573172     17.3671832
     72     5       77.7295384     16.2415705
     73     5       82.4897859     14.9348445
     74     5       86.9588841     13.4577383
     75     5       91.0562409     11.8249248
     76     5       94.7020154     10.0554649
     77     5       97.8190722      8.1717077
     78     5      100.3358132      6.1990965
     79     5      102.1883457      4.1636674
     80     5      103.3244597      2.0903902
     81     5      103.7076599      0.0000000
      1     6      106.1486845      0.0000000
      2     6      105.7548398     -2.8545741
      3     6      104.5849097     -5.6737118
      4     6      102.6715951     -8.4217807
      5     6      100.0640864    -11.0626870
      6     6       96.8252109    -13.5618673
      7     6       93.0272627    -15.8872885
      8     6       88.7495410    -18.0115684
      9     6       84.0750956    -19.9121697
     10     6       79.0884867    -21.5724034
     11     6       73.8733121    -22.9809974
     12     6       68.5103471    -24.1320399
     13     6       63.0759263    -25.0245557
     14     6       57.6406601    -25.6619064
     15     6       52.2685070    -26.0515222
     16     6       47.0160761    -26.2042256
     17     6       41.9322168    -26.1337893
     18     6       37.0578223    -25.8564803
     19     6       32.4258412    -25.3904987
     20     6       28.0614562    -24.7555415
     21     6       23.9824487    -23.9721711
     22     6       20.1996987    -23.0612914
     23     6       16.7178071    -22.0436140
     24     6       13.5358220    -20.9391398
     25     6       10.6480405    -19.7666907
     26     6        8.0448458    -18.5435326
     27     6        5.7135135    -17.2851489
     28     6        3.6390330    -16.0050168
     29     6        1.8048366    -14.7145460
     30     6        0.1934796    -13.4230505
     31     6       -1.2126041    -12.1376445
     32     6       -2.4307035    -10.8635158
     33     6       -3.4773767     -9.6040402
     34     6       -4.3680297     -8.3609059
     35     6       -5.1163386     -7.1341756
     36     6       -5.7339963     -5.9226143
     37     6       -6.2303044     -4.7239500
     38     6       -6.6113328     -3.5351272
     39     6       -6.8801023     -2.3530475
     40     6       -7.0379704     -1.1752593
     41     6       -7.0890632     -0.0000000
     42     6       -7.0379704      1.1752593
     43     6       -6.8801023      2.3530475
     44     6       -6.6113328      3.5351272
     45     6       -6.2303044      4.7239500
     46     6       -5.7339963      5.9226143
     47     6       -5.1163386      7.1341756
     48     6       -4.3680297      8.3609059
     49     6       -3.4773767      9.6040402
     50     6       -2.4307035     10.8635158
     51     6       -1.2126041     12.1376445
     52     6        0.1934796     13.4230505
     53     6        1.8048366     14.7145460
     54     6        3.6390330     16.0050168
     55     6        5.7135135     17.2851489
     56     6        8.0448458     18.5435326
     57     6       10.6480405     19.7666907
     58     6       13.5358220     20.9391398
     59     6       16.7178071     22.0436140
     60     6       20.1996987     23.0612914
     61     6       23.9824487     23.9721711
     62     6       28.0614562     24.7555415
     63     6       32.4258412     25.3904987
     64     6       37.0578223     25.8564803
     65     6       41.9322168     26.1337893
     66     6       47.0160761     26.2042256
     67     6       52.2685070     26.0515222
     68     6       57.6406601     25.6619064
     69     6       63.0759263     25.0245557
     70     6       68.5103471     24.1320399
     71     6       73.8733121     22.9809974
     72     6       79.0884867     21.5724034
     73     6       84.0750956     19.9121697
     74     6       88.7495410     18.0115684
     75     6       93.0272627     15.8872885
     76     6       96.8252109     13.5618673
     77     6      100.0640864     11.0626870
     78     6      102.6715951      8.4217807
     79     6      104.5849097      5.6737118
     80     6      105.7548398      2.8545741
     81     6      106.1486845      0.0000000
      1     7      110.1998770      0.0000000
      2     7      109.7823915     -3.8338793
      3     7      108.5409761     -7.6127931
      4     7      106.5072465    -11.2834119
      5     7      103.7299271    -14.7946907
      6     7      100.2729104    -18.0997609
      7     7       96.2112057    -21.1567614
      8     7       91.6283672    -23.9306957
      9     7       86.6128905    -26.3936179
     10     7       81.2556518    -28.5255108
     11     7       75.6470759    -30.3138335
     12     7       69.8749638    -31.7533309
     13     7       64.0225877    -32.8454488
     14     7       58.1671645    -33.5975367
     15     7       52.3787332    -34.0223034
     16     7       46.7193081    -34.1368852
     17     7       41.2423711    -33.9621120
     18     7       35.9926214    -33.5217665
     19     7       31.0059760    -32.8417654
     20     7       26.3097710    -31.9494790
     21     7       21.9231788    -30.8729094
     22     7       17.8577803    -29.6400029
     23     7       14.1182745    -28.2779944
     24     7       10.7032995    -26.8128054
     25     7        7.6063322    -25.2685258
     26     7        4.8166204    -23.6670148
     27     7        2.3200770    -22.0276663
     28     7        0.1001826    -20.3672063
     29     7       -1.8612165    -18.6996569
     30     7       -3.5831685    -17.0363479
     31     7       -5.0848029    -15.3858746
     32     7       -6.3849002    -13.7544011
     33     7       -7.5014077    -12.1458289
     34     7       -8.4509928    -10.5619762
     35     7       -9.2484340     -9.0027031
     36     7       -9.9063570     -7.4662742
     37     7      -10.4348092     -5.9496586
     38     7      -10.8403776     -4.4488230
     39     7      -11.1263888     -2.9594573
     40     7      -11.2943749     -1.4776526
     41     7      -11.3487494     -0.0000000
     42     7      -11.2943749      1.4776526
     43     7      -11.1263888      2.9594573
     44     7      -10.8403776      4.4488230
     45     7      -10.4348092      5.9496586
     46     7       -9.9063570      7.4662742
     47     7       -9.2484340      9.0027031
     48     7       -8.4509928     10.5619762
     49     7       -7.5014077     12.1458289
     50     7       -6.3849002     13.7544011
     51     7       -5.0848029     15.3858746
     52     7       -3.5831685     17.0363479
     53     7       -1.8612165     18.6996569
     54     7        0.1001826     20.3672063
     55     7        2.3200770     22.0276663
     56     7        4.8166204     23.6670148
     57     7        7.6063322     25.2685258
     58     7       10.7032995     26.8128054
     59     7       14.1182745     28.2779944
     60     7       17.8577803     29.6400029
     61     7       21.9231788     30.8729094
     62     7       26.3097710     31.9494790
     63     7       31.0059760     32.8417654
     64     7       35.9926214     33.5217665
     65     7       41.2423711     33.9621120
     66     7       46.7193081     34.1368852
     67     7       52.3787332     34.0223034
     68     7       58.1671645     33.5975367
     69     7       64.0225877     32.8454488
     70     7       69.8749638     31.7533309
     71     7       75.6470759     30.3138335
     72     7       81.2556518     28.5255108
     73     7       86.6128905     26.3936179
     74     7       91.6283672     23.9306957
     75     7       96.2112057     21.1567614
     76     7      100.2729104     18.0997609
     77     7      103.7299271     14.7946907
     78     7      106.5072465     11.2834119
     79     7      108.5409761      7.6127931
     80     7      109.7823915      3.8338793
     81     7      110.1998770      0.0000000
      1     8      116.8299027      0.0000000
      2     8      116.3694481     -5.1284520
      3     8      114.9995055    -10.1789152
      4     8      112.7530065    -15.0762349
      5     8      109.6813188    -19.7497310
      6     8      105.8527342    -24.1355211
      7     8      101.3484755    -28.1776398
      8     8       96.2600092    -31.8298955
      9     8       90.6851022    -35.0561563
     10     8       84.7248780    -37.8311348
     11     8       78.4805461    -40.1398996
     12     8       72.0508149    -41.9775061
     13     8       65.5296025    -43.3481866
     14     8       59.0041770    -44.2642713
     15     8       52.5537651    -44.7452757
     16     8       46.2485030    -44.8166087
     17     8       40.1487963    -44.5084438
     18     8       34.3050034    -43.8545894
     19     8       28.7574285    -42.8913156
     20     8       23.5365657    -41.6563413
     21     8       18.6636004    -40.1877443
     22     8       14.1510949    -38.5230457
     23     8       10.0038309    -36.6983796
     24     8        6.2197738    -34.7477690
     25     8        2.7911183    -32.7025305
     26     8       -0.2946383    -30.5908356
     27     8       -3.0536709    -28.4374624
     28     8       -5.5048043    -26.2636132
     29     8       -7.6686127    -24.0869123
     30     8       -9.5665913    -21.9214690
     31     8      -11.2202662    -19.7779117
     32     8      -12.6507100    -17.6637414
     33     8      -13.8780127    -15.5835728
     34     8      -14.9207996    -13.5393890
     35     8      -15.7955917    -11.5307504
     36     8      -16.5165245     -9.5552118
     37     8      -17.0949077     -7.6086819
     38     8      -17.5383180     -5.6857733
     39     8      -17.8508063     -3.7805325
     40     8      -18.0344011     -1.8871242
     41     8      -18.0939058     -0.0000000
     42     8      -18.0344011      1.8871242
     43     8      -17.8508063      3.7805325
     44     8      -17.5383180      5.6857733
     45     8      -17.0949077      7.6086819
     46     8      -16.5165245      9.5552118
     47     8      -15.7955917     11.5307504
     48     8      -14.9207996     13.5393890
     49     8      -13.8780127     15.5835728
     50     8      -12.6507100     17.6637414
     51     8      -11.2202662     19.7779117
     52     8       -9.5665913     21.9214690
     53     8       -7.6686127     24.0869123
     54     8       -5.5048043     26.2636132
     55     8       -3.0536709     28.4374624
     56     8       -0.2946383     30.5908356
     57     8        2.7911183     32.7025305
     58     8        6.2197738     34.7477690
     59     8       10.0038309     36.6983796
     60     8       14.1510949     38.5230457
     61     8       18.6636004     40.1877443
     62     8       23.5365657     41.6563413
     63     8       28.7574285     42.8913156
     64     8       34.3050034     43.8545894
     65     8       40.1487963     44.5084438
     66     8       46.2485030     44.8166087
     67     8       52.5537651     44.7452757
     68     8       59.0041770     44.2642713
     69     8       65.5296025     43.3481866
     70     8       72.0508149     41.9775061
     71     8       78.4805461     40.1398996
     72     8       84.7248780     37.8311348
     73     8       90.6851022     35.0561563
     74     8       96.2600092     31.8298955
     75     8      101.3484755     28.1776398
     76     8      105.8527342     24.1355211
     77     8      109.6813188     19.7497310
     78     8      112.7530065     15.0762349
     79     8      114.9995055     10.1789152
     80     8      116.3694481      5.1284520
     81     8      116.8299027     -0.0000000
      1     9      127.6056008      0.0000000
      2     9      127.0723285     -6.9027870
      3     9      125.4852307    -13.6979732
      4     9      122.8811584    -20.2818606
      5     9      119.3180640    -26.5573629
      6     9      114.8734838    -32.4370657
      7     9      109.6403736    -37.8449763
      8     9      103.7240976    -42.7186730
      9     9       97.2380158    -47.0098634
     10     9       90.2999888    -50.6851736
     11     9       83.0285160    -53.7256325
     12     9       75.5395672    -56.1260895
     13     9       67.9437533    -57.8940946
     14     9       60.3439982    -59.0484248
     15     9       52.8337659    -59.6176668
     16     9       45.4957283    -59.6384155
     17     9       38.4009431    -59.1535940
     18     9       31.6084502    -58.2107823
     19     9       25.1652655    -56.8605437
     20     9       19.1066999    -55.1549467
     21     9       13.4569948    -53.1460908
     22     9        8.2301842    -50.8848640
     23     9        3.4311433    -48.4198598
     24     9       -0.9432283    -45.7964708
     25     9       -4.9027388    -43.0561749
     26     9       -8.4626166    -40.2360311
     27     9      -11.6422852    -37.3684076
     28     9      -14.4641604    -34.4808215
     29     9      -16.9525906    -31.5959799
     30     9      -19.1328943    -28.7319151
     31     9      -21.0303583    -25.9021177
     32     9      -22.6696624    -23.1159682
     33     9      -24.0742803    -20.3790812
     34     9      -25.2659441    -17.6936663
     35     9      -26.2639680    -15.0588490
     36     9      -27.0849407    -12.4711733
     37     9      -27.7422684     -9.9250485
     38     9      -28.2452626     -7.4131833
     39     9      -28.5993400     -4.9273478
     40     9      -28.8075128     -2.4590910
     41     9      -28.8751541     -0.0000000
     42     9      -28.8075128      2.4590910
     43     9      -28.5993400      4.9273478
     44     9      -28.2452626      7.4131833
     45     9      -27.7422684      9.9250485
     46     9      -27.0849407     12.4711733
     47     9      -26.2639680     15.0588490
     48     9      -25.2659441     17.6936663
     49     9      -24.0742803     20.3790812
     50     9      -22.6696624     23.1159682
     51     9      -21.0303583     25.9021177
     52     9      -19.1328943     28.7319151
     53     9      -16.9525906     31.5959799
     54     9      -14.4641604     34.4808215
     55     9      -11.6422852     37.3684076
     56     9       -8.4626166     40.2360311
     57     9       -4.9027388     43.0561749
     58     9       -0.9432283     45.7964708
     59     9        3.4311433     48.4198598
     60     9        8.2301842     50.8848640
     61     9       13.4569948     53.1460908
     62     9       19.1066999     55.1549467
     63     9       25.1652655     56.8605437
     64     9       31.6084502     58.2107823
     65     9       38.4009431     59.1535940
     66     9       45.4957283     59.6384155
     67     9       52.8337659     59.6176668
     68     9       60.3439982     59.0484248
     69     9       67.9437533     57.8940946
     70     9       75.5395672     56.1260895
     71     9       83.0285160     53.7256325
     72     9       90.2999888     50.6851736
     73     9       97.2380158     47.0098634
     74     9      103.7240976     42.7186730
     75     9      109.6403736     37.8449763
     76     9      114.8734838     32.4370657
     77     9      119.3180640     26.5573629
     78     9      122.8811584     20.2818606
     79     9      125.4852307     13.6979732
     80     9      127.0723285      6.9027870
     81     9      127.6056008      0.0000000
      1    10      145.1439149      0.0000000
      2    10      144.4901694     -9.4421174
      3    10      142.5441255    -18.7355531
      4    10      139.3500130    -27.7367997
      5    10      134.9779110    -36.3115487
      6    10      129.5218392    -44.3388084
      7    10      123.0951041    -51.7136116
      8    10      115.8265904    -58.3497602
      9    10      107.8555700    -64.1808666
     10    10       99.3273187    -69.1612762
     11    10       90.3883627    -73.2655563
     12    10       81.1824312    -76.4876521
     13    10       71.8468235    -78.8393441
     14    10       62.5093852    -80.3482088
     15    10       53.2861710    -81.0554939
     16    10       44.2796990    -81.0135748
     17    10       35.5778636    -80.2834837
     18    10       27.2534139    -78.9324594
     19    10       19.3639605    -77.0315453
     20    10       11.9524191    -74.6534402
     21    10        5.0478598    -71.8704563
     22    10       -1.3333509    -68.7527979
     23    10       -7.1861808    -65.3671019
     24    10      -12.5154047    -61.7752563
     25    10      -17.3339921    -58.0335029
     26    10      -21.6614842    -54.1918295
     27    10      -25.5224557    -50.2936578
     28    10      -28.9450284    -46.3757078
     29    10      -31.9595619    -42.4681016
     30    10      -34.5974756    -38.5945986
     31    10      -36.8900758    -34.7728651
     32    10      -38.8678288    -31.0150287
     33    10      -40.5596482    -27.3281709
     34    10      -41.9922740    -23.7148407
     35    10      -43.1895441    -20.1735339
     36    10      -44.1720418    -16.6993263
     37    10      -44.9566187    -13.2844527
     38    10      -45.5554936     -9.9188653
     39    10      -45.9764295     -6.5910712
     40    10      -46.2241547     -3.2889223
     41    10      -46.3049283     -0.0000000
     42    10      -46.2241547      3.2889223
     43    10      -45.9764295      6.5910712
     44    10      -45.5554936      9.9188653
     45    10      -44.9566187     13.2844527
     46    10      -44.1720418     16.6993263
     47    10      -43.1895441     20.1735339
     48    10      -41.9922740     23.7148407
     49    10      -40.5596482     27.3281709
     50    10      -38.8678288     31.0150287
     51    10      -36.8900758     34.7728651
     52    10      -34.5974756     38.5945986
     53    10      -31.9595619     42.4681016
     54    10      -28.9450284     46.3757078
     55    10      -25.5224557     50.2936578
     56    10      -21.6614842     54.1918295
     57    10      -17.3339921     58.0335029
     58    10      -12.5154047     61.7752563
     59    10       -7.1861808     65.3671019
     60    10       -1.3333509     68.7527979
     61    10        5.0478598     71.8704563
     62    10       11.9524191     74.6534402
     63    10       19.3639605     77.0315453
     64    10       27.2534139     78.9324594
     65    10       35.5778636     80.2834837
     66    10       44.2796990     81.0135748
     67    10       53.2861710     81.0554939
     68    10       62.5093852     80.3482088
     69    10       71.8468235     78.8393441
     70    10       81.1824312     76.4876521
     71    10       90.3883627     73.2655563
     72    10       99.3273187     69.1612762
     73    10      107.8555700     64.1808666
     74    10      115.8265904     58.3497602
     75    10      123.0951041     51.7136116
     76    10      129.5218392     44.3388084
     77    10      134.9779110     36.3115487
     78    10      139.3500130     27.7367997
     79    10      142.5441255     18.7355531
     80    10      144.4901694      9.4421174
     81    10      145.1439149      0.0000000
      1    11      174.0100751      0.0000000
      2    11      173.1568668    -13.2618422
      3    11      170.6167011    -26.3140165
      4    11      166.4465044    -38.9538450
      5    11      160.7371194    -50.9915052
      6    11      153.6105730    -62.2557228
      7    11      145.2144802    -72.5978946
      8    11      135.7170697    -81.8958191
      9    11      125.3006613    -90.0554938
     10    11      114.1558080    -97.0123326
     11    11      102.4750997   -102.7306859
     12    11       90.4477130   -107.2026510
     13    11       78.2545110   -110.4459152
     14    11       66.0639284   -112.5008765
     15    11       54.0287558   -113.4274771
     16    11       42.2837534   -113.3015422
     17    11       30.9441591   -112.2111267
     18    11       20.1049914   -110.2528959
     19    11        9.8410852   -107.5286241
     20    11        0.2077423   -104.1420362
     21    11       -8.7580749   -100.1958994
     22    11      -17.0361528    -95.7895726
     23    11      -24.6211407    -91.0169698
     24    11      -31.5204744    -85.9649510
     25    11      -37.7522091    -80.7121370
     26    11      -43.3428579    -75.3281341
     27    11      -48.3253466    -69.8731563
     28    11      -52.7370704    -64.3979187
     29    11      -56.6181759    -58.9438330
     30    11      -60.0100345    -53.5433907
     31    11      -62.9537862    -48.2206294
     32    11      -65.4893652    -42.9918812
     33    11      -67.6545960    -37.8664881
     34    11      -69.4844326    -32.8475448
     35    11      -71.0101425    -27.9326119
     36    11      -72.2588792    -23.1145548
     37    11      -73.2531699    -18.3823259
     38    11      -74.0100381    -13.7217166
     39    11      -74.5411367     -9.1163366
     40    11      -74.8540441     -4.5485414
     41    11      -74.9564690     -0.0000000
     42    11      -74.8540441      4.5485414
     43    11      -74.5411367      9.1163366
     44    11      -74.0100381     13.7217166
     45    11      -73.2531699     18.3823259
     46    11      -72.2588792     23.1145548
     47    11      -71.0101425     27.9326119
     48    11      -69.4844326     32.8475448
     49    11      -67.6545960     37.8664881
     50    11      -65.4893652     42.9918812
     51    11      -62.9537862     48.2206294
     52    11      -60.0100345     53.5433907
     53    11      -56.6181759     58.9438330
     54    11      -52.7370704     64.3979187
     55    11      -48.3253466     69.8731563
     56    11      -43.3428579     75.3281341
     57    11      -37.7522091     80.7121370
     58    11      -31.5204744     85.9649510
     59    11      -24.6211407     91.0169698
     60    11      -17.0361528     95.7895726
     61    11       -8.7580749    100.1958994
     62    11        0.2077423    104.1420362
     63    11        9.8410852    107.5286241
     64    11       20.1049914    110.2528959
     65    11       30.9441591    112.2111267
     66    11       42.2837534    113.3015422
     67    11       54.0287558    113.4274771
     68    11       66.0639284    112.5008765
     69    11       78.2545110    110.4459152
     70    11       90.4477130    107.2026510
     71    11      102.4750997    102.7306859
     72    11      114.1558080     97.0123326
     73    11      125.3006613     90.0554938
     74    11      135.7170697     81.8958191
     75    11      145.2144802     72.5978946
     76    11      153.6105730     62.2557228
     77    11      160.7371194     50.9915052
     78    11      166.4465044     38.9538450
     79    11      170.6167011     26.3140165
     80    11      173.1568668     13.2618422
     81    11      174.0100751     -0.0000000
      1    12      222.5786605      0.0000000
      2    12      221.3892176    -19.3299780
      3    12      217.8476419    -38.3538652
      4    12      212.0325341    -56.7754297
      5    12      204.0701009    -74.3170087
      6    12      194.1299768    -90.7276935
      7    12      182.4179474   -105.7896536
      8    12      169.1687906   -119.3234774
      9    12      154.6374637   -131.1911530
     10    12      139.0907534   -141.2978083
     11    12      122.7986588   -149.5912794
     12    12      106.0266109   -156.0604018
     13    12       89.0284759   -160.7318949
     14    12       72.0406490   -163.6661601
     15    12       55.2773997   -164.9524878
     16    12       38.9274406   -164.7036269
     17    12       23.1517786   -163.0502703
     18    12        8.0827350   -160.1355922
     19    12       -6.1759648   -156.1100057
     20    12      -19.5481983   -151.1264090
     21    12      -31.9836822   -145.3358970
     22    12      -43.4556400   -138.8841476
     23    12      -53.9580634   -131.9084615
     24    12      -63.5027264   -124.5354632
     25    12      -72.1160952   -116.8794446
     26    12      -79.8362732   -109.0413142
     27    12      -86.7101097   -101.1081071
     28    12      -92.7904916    -93.1529139
     29    12      -98.1339420    -85.2352185
     30    12     -102.7985051    -77.4015105
     31    12     -106.8418126    -69.6860536
     32    12     -110.3196891    -62.1119487
     33    12     -113.2849283    -54.6922021
     34    12     -115.7862880    -47.4308299
     35    12     -117.8675202    -40.3239375
     36    12     -119.5668129    -33.3608939
     37    12     -120.9162117    -26.5254423
     38    12     -121.9407606    -19.7967629
     39    12     -122.6585695    -13.1507107
     40    12     -123.0819297     -6.5609884
     41    12     -123.2210163      0.0000000
     42    12     -123.0819297      6.5609884
     43    12     -122.6585695     13.1507107
     44    12     -121.9407606     19.7967629
     45    12     -120.9162117     26.5254423
     46    12     -119.5668129     33.3608939
     47    12     -117.8675202     40.3239375
     48    12     -115.7862880     47.4308299
     49    12     -113.2849283     54.6922021
     50    12     -110.3196891     62.1119487
     51    12     -106.8418126     69.6860536
     52    12     -102.7985051     77.4015105
     53    12      -98.1339420     85.2352185
     54    12      -92.7904916     93.1529139
     55    12      -86.7101097    101.1081071
     56    12      -79.8362732    109.0413142
     57    12      -72.1160952    116.8794446
     58    12      -63.5027264    124.5354632
     59    12      -53.9580634    131.9084615
     60    12      -43.4556400    138.8841476
     61    12      -31.9836822    145.3358970
     62    12      -19.5481983    151.1264090
     63    12       -6.1759648    156.1100057
     64    12        8.0827350    160.1355922
     65    12       23.1517786    163.0502703
     66    12       38.9274406    164.7036269
     67    12       55.2773997    164.9524878
     68    12       72.0406490    163.6661601
     69    12       89.0284759    160.7318949
     70    12      106.0266109    156.0604018
     71    12      122.7986588    149.5912794
     72    12      139.0907534    141.2978083
     73    12      154.6374637    131.1911530
     74    12      169.1687906    119.3234774
     75    12      182.4179474    105.7896536
     76    12      194.1299768     90.7276935
     77    12      204.0701009     74.3170087
     78    12      212.0325341     56.7754297
     79    12      217.8476419     38.3538652
     80    12      221.3892176     19.3299780
     81    12      222.5786605      0.0000000
      1    13      307.0574390      0.0000000
      2    13      305.2828734    -29.5427065
      3    13      299.9986989    -58.6172841
      4    13      291.3214167    -86.7703203
      5    13      279.4389640   -113.5765684
      6    13      264.6040337   -138.6513347
      7    13      247.1237857   -161.6604498
      8    13      227.3488873   -182.3283467
      9    13      205.6606648   -200.4429876
     10    13      182.4584307   -215.8585083
     11    13      158.1466537   -228.4948420
     12    13      133.1231517   -238.3351493
     13    13      107.7684826   -245.4210961
     14    13       82.4369548   -249.8464333
     15    13       57.4495063   -251.7494965
     16    13       33.0884808   -251.3048115
     17    13        9.5943542   -248.7144733
     18    13      -12.8357289   -244.1996040
     19    13      -34.0477741   -237.9921967
     20    13      -53.9293586   -230.3276935
     21    13      -72.4068892   -221.4383768
     22    13      -89.4419984   -211.5478001
     23    13     -105.0273397   -200.8662690
     24    13     -119.1820333   -189.5873718
     25    13     -131.9469870   -177.8855181
     26    13     -143.3802911   -165.9144110
     27    13     -153.5528659   -153.8063601
     28    13     -162.5444232   -141.6722581
     29    13     -170.4398786   -129.6021495
     30    13     -177.3262110   -117.6662230
     31    13     -183.2896872   -105.9160736
     32    13     -188.4137415    -94.3863024
     33    13     -192.7771882    -83.0961740
     34    13     -196.4527868    -72.0513278
     35    13     -199.5059834    -61.2454664
     36    13     -201.9941188    -50.6621041
     37    13     -203.9657199    -40.2762333
     38    13     -205.4596296    -30.0559190
     39    13     -206.5049718    -19.9640005
     40    13     -207.1220341     -9.9597096
     41    13     -207.3253485     -0.0000000
     42    13     -207.1220341      9.9597096
     43    13     -206.5049718     19.9640005
     44    13     -205.4596296     30.0559190
     45    13     -203.9657199     40.2762333
     46    13     -201.9941188     50.6621041
     47    13     -199.5059834     61.2454664
     48    13     -196.4527868     72.0513278
     49    13     -192.7771882     83.0961740
     50    13     -188.4137415     94.3863024
     51    13     -183.2896872    105.9160736
     52    13     -177.3262110    117.6662230
     53    13     -170.4398786    129.6021495
     54    13     -162.5444232    141.6722581
     55    13     -153.5528659    153.8063601
     56    13     -143.3802911    165.9144110
     57    13     -131.9469870    177.8855181
     58    13     -119.1820333    189.5873718
     59    13     -105.0273397    200.8662690
     60    13      -89.4419984    211.5478001
     61    13      -72.4068892    221.4383768
     62    13      -53.9293586    230.3276935
     63    13      -34.0477741    237.9921967
     64    13      -12.8357289    244.1996040
     65    13        9.5943542    248.7144733
     66    13       33.0884808    251.3048115
     67    13       57.4495063    251.7494965
     68    13       82.4369548    249.8464333
     69    13      107.7684826    245.4210961
     70    13      133.1231517    238.3351493
     71    13      158.1466537    228.4948420
     72    13      182.4584307    215.8585083
     73    13      205.6606648    200.4429876
     74    13      227.3488873    182.3283467
     75    13      247.1237857    161.6604498
     76    13      264.6040337    138.6513347
     77    13      279.4389640    113.5765684
     78    13      291.3214167     86.7703203
     79    13      299.9986989     58.6172841
     80    13      305.2828734     29.5427065
     81    13      307.0574390      0.0000000
      1    14      460.6033821      0.0000000
      2    14      457.7652181    -47.7964267
      3    14      449.3135368    -94.8352310
      4    14      435.4338945   -140.3822467
      5    14      416.4265479   -183.7486469
      6    14      392.6952917   -224.3108609
      7    14      364.7315898   -261.5270061
      8    14      333.0967429   -294.9498766
      9    14      298.4016491   -324.2352833
     10    14      261.2863059   -349.1463259
     11    14      222.3993159   -369.5530700
     12    14      182.3787984   -385.4284368
     13    14      141.8352462   -396.8406076
     14    14      101.3369689   -403.9426401
     15    14       61.3985223   -406.9601648
     16    14       22.4722516   -406.1777092
     17    14      -15.0570121   -401.9245576
     18    14      -50.8742912   -394.5607402
     19    14      -84.7341207   -384.4636906
     20    14     -116.4579206   -372.0160834
     21    14     -145.9294973   -357.5950839
     22    14     -173.0891484   -341.5632922
     23    14     -197.9268163   -324.2614346
     24    14     -220.4747022   -306.0027930
     25    14     -240.7997104   -287.0692924
     26    14     -258.9960368   -267.7091056
     27    14     -275.1781676   -248.1356028
     28    14     -289.4744231   -228.5273977
     29    14     -302.0212148   -209.0293209
     30    14     -312.9580405   -189.7540802
     31    14     -322.4231587   -170.7843906
     32    14     -330.5501563   -152.1755364
     33    14     -337.4651298   -133.9580802
     34    14     -343.2844584   -116.1406525
     35    14     -348.1129887    -98.7127222
     36    14     -352.0428123    -81.6473802
     37    14     -355.1522924    -64.9040053
     38    14     -357.5051076    -48.4308141
     39    14     -359.1500516    -32.1674287
     40    14     -360.1216233    -16.0473235
     41    14     -360.4423808     -0.0000000
     42    14     -360.1216233     16.0473235
     43    14     -359.1500516     32.1674287
     44    14     -357.5051076     48.4308141
     45    14     -355.1522924     64.9040053
     46    14     -352.0428123     81.6473802
     47    14     -348.1129887     98.7127222
     48    14     -343.2844584    116.1406525
     49    14     -337.4651298    133.9580802
     50    14     -330.5501563    152.1755364
     51    14     -322.4231587    170.7843906
     52    14     -312.9580405    189.7540802
     53    14     -302.0212148    209.0293209
     54    14     -289.4744231    228.5273977
     55    14     -275.1781676    248.1356028
     56    14     -258.9960368    267.7091056
     57    14     -240.7997104    287.0692924
     58    14     -220.4747022    306.0027930
     59    14     -197.9268163    324.2614346
     60    14     -173.0891484    341.5632922
     61    14     -145.9294973    357.5950839
     62    14     -116.4579206    372.0160834
     63    14      -84.7341207    384.4636906
     64    14      -50.8742912    394.5607402
     65    14      -15.0570121    401.9245576
     66    14       22.4722516    406.1777092
     67    14       61.3985223    406.9601648
     68    14      101.3369689    403.9426401
     69    14      141.8352462    396.8406076
     70    14      182.3787984    385.4284368
     71    14      222.3993159    369.5530700
     72    14      261.2863059    349.1463259
     73    14      298.4016491    324.2352833
     74    14      333.0967429    294.9498766
     75    14      364.7315898    261.5270061
     76    14      392.6952917    224.3108609
     77    14      416.4265479    183.7486469
     78    14      435.4338945    140.3822467
     79    14      449.3135368     94.8352310
     80    14      457.7652181     47.7964267
     81    14      460.6033821      0.0000000
      1    15      755.0804861      0.0000000
      2    15      750.2024987    -82.5431080
      3    15      735.6761027   -163.7776091
      4    15      711.8194700   -242.4350660
      5    15      679.1483568   -317.3251171
      6    15      638.3564433   -387.3697534
      7    15      590.2886338   -451.6319794
      8    15      535.9101069   -509.3381676
      9    15      476.2718306   -559.8928155
     10    15      412.4751049   -602.8859187
     11    15      345.6363645   -638.0926878
     12    15      276.8541706   -665.4664966
     13    15      207.1795763   -685.1258098
     14    15      137.5909331   -697.3362554
     15    15       68.9738309   -702.4892159
     16    15        2.1064618   -701.0781200
     17    15      -62.3495579   -693.6738405
     18    15     -123.8532070   -680.9003144
     19    15     -181.9834233   -663.4113610
     20    15     -236.4344862   -641.8695291
     21    15     -287.0081730   -616.9274757
     22    15     -333.6035016   -589.2122826
     23    15     -376.2048422   -559.3128359
     24    15     -414.8691244   -527.7702477
     25    15     -449.7127816   -495.0711634
     26    15     -480.8989679   -461.6436988
     27    15     -508.6254843   -427.8556843
     28    15     -533.1136879   -394.0148250
     29    15     -554.5986154   -360.3704314
     30    15     -573.3203986   -327.1163401
     31    15     -589.5169418   -294.3946746
     32    15     -603.4179824   -262.3002480
     33    15     -615.2402847   -230.8852641
     34    15     -625.1838798   -200.1641576
     35    15     -633.4291386   -170.1184152
     36    15     -640.1347147   -140.7013383
     37    15     -645.4360286   -111.8426207
     38    15     -649.4440500    -83.4527216
     39    15     -652.2448129    -55.4271260
     40    15     -653.8996235    -27.6504058
     41    15     -654.4465820     -0.0000000
     42    15     -653.8996235     27.6504058
     43    15     -652.2448129     55.4271260
     44    15     -649.4440500     83.4527216
     45    15     -645.4360286    111.8426207
     46    15     -640.1347147    140.7013383
     47    15     -633.4291386    170.1184152
     48    15     -625.1838798    200.1641576
     49    15     -615.2402847    230.8852641
     50    15     -603.4179824    262.3002480
     51    15     -589.5169418    294.3946746
     52    15     -573.3203986    327.1163401
     53    15     -554.5986154    360.3704314
     54    15     -533.1136879    394.0148250
     55    15     -508.6254843    427.8556843
     56    15     -480.8989679    461.6436988
     57    15     -449.7127816    495.0711634
     58    15     -414.8691244    527.7702477
     59    15     -376.2048422    559.3128359
     60    15     -333.6035016    589.2122826
     61    15     -287.0081730    616.9274757
     62    15     -236.4344862    641.8695291
     63    15     -181.9834233    663.4113610
     64    15     -123.8532070    680.9003144
     65    15      -62.3495579    693.6738405
     66    15        2.1064618    701.0781200
     67    15       68.9738309    702.4892159
     68    15      137.5909331    697.3362554
     69    15      207.1795763    685.1258098
     70    15      276.8541706    665.4664966
     71    15      345.6363645    638.0926878
     72    15      412.4751049    602.8859187
     73    15      476.2718306    559.8928155
     74    15      535.9101069    509.3381676
     75    15      590.2886338    451.6319794
     76    15      638.3564433    387.3697534
     77    15      679.1483568    317.3251171
     78    15      711.8194700    242.4350660
     79    15      735.6761027    163.7776091
     80    15      750.2024987     82.5431080
     81    15      755.0804861      0.0000000
      1    16     1356.0686957      0.0000000
      2    16     1347.0277352   -153.2509485
      3    16     1320.1038708   -304.0721310
      4    16     1275.8861417   -450.1080587
      5    16     1215.3301960   -589.1480002
      6    16     1139.7214257   -719.1895124
      7    16     1050.6259957   -838.4919056
      8    16      949.8332080   -945.6176797
      9    16      839.2918581  -1039.4602355
     10    16      721.0443127  -1119.2575619
     11    16      597.1612975  -1184.5919537
     12    16      469.6805387  -1235.3769619
     13    16      340.5516857  -1271.8331633
     14    16      211.5894602  -1294.4548802
     15    16       84.4363202  -1303.9702898
     16    16      -39.4647562  -1301.2973276
     17    16     -158.8873385  -1287.4978470
     18    16     -272.8289922  -1263.7321927
     19    16     -380.5100525  -1231.2160370
     20    16     -481.3649778  -1191.1809735
     21    16     -575.0277103  -1144.8398958
     22    16     -661.3125518  -1093.3578396
     23    16     -740.1920218  -1037.8285527
     24    16     -811.7730595   -979.2567480
     25    16     -876.2727611   -918.5457357
     26    16     -933.9946497   -856.4899448
     27    16     -985.3062606   -793.7717155
     28    16    -1030.6185891   -730.9616673
     29    16    -1070.3677813   -668.5219571
     30    16    -1104.9992386   -606.8117488
     31    16    -1134.9541467   -546.0942694
     32    16    -1160.6584299   -486.5449626
     33    16    -1182.5138800   -428.2602386
     34    16    -1200.8912457   -371.2664797
     35    16    -1216.1249827   -315.5290229
     36    16    -1228.5094791   -260.9609652
     37    16    -1238.2963882   -207.4316372
     38    16    -1245.6927540   -154.7746963
     39    16    -1250.8599864   -102.7958808
     40    16    -1253.9135210    -51.2804053
     41    16    -1254.9233705      0.0000000
     42    16    -1253.9135210     51.2804053
     43    16    -1250.8599864    102.7958808
     44    16    -1245.6927540    154.7746963
     45    16    -1238.2963882    207.4316372
     46    16    -1228.5094791    260.9609652
     47    16    -1216.1249827    315.5290229
     48    16    -1200.8912457    371.2664797
     49    16    -1182.5138800    428.2602386
     50    16    -1160.6584299    486.5449626
     51    16    -1134.9541467    546.0942694
     52    16    -1104.9992386    606.8117488
     53    16    -1070.3677813    668.5219571
     54    16    -1030.6185891    730.9616673
     55    16     -985.3062606    793.7717155
     56    16     -933.9946497    856.4899448
     57    16     -876.2727611    918.5457357
     58    16     -811.7730595    979.2567480
     59    16     -740.1920218   1037.8285527
     60    16     -661.3125518   1093.3578396
     61    16     -575.0277103   1144.8398958
     62    16     -481.3649778   1191.1809735
     63    16     -380.5100525   1231.2160370
     64    16     -272.8289922   1263.7321927
     65    16     -158.8873385   1287.4978470
     66    16      -39.4647562   1301.2973276
     67    16       84.4363202   1303.9702898
     68    16      211.5894602   1294.4548802
     69    16      340.5516857   1271.8331633
     70    16      469.6805387   1235.3769619
     71    16      597.1612975   1184.5919537
     72    16      721.0443127   1119.2575619
     73    16      839.2918581   1039.4602355
     74    16      949.8332080    945.6176797
     75    16     1050.6259957    838.4919056
     76    16     1139.7214257    719.1895124
     77    16     1215.3301960    589.1480002
     78    16     1275.8861417    450.1080587
     79    16     1320.1038708    304.0721310
     80    16     1347.0277352    153.2509485
     81    16     1356.0686957      0.0000000
      1    17     2670.9324355      0.0000000
      2    17     2652.7836242   -307.7987016
      3    17     2598.7364273   -610.7171691
      4    17     2509.9727629   -904.0241179
      5    17     2388.4107929  -1183.2788482
      6    17     2236.6305879  -1444.4587612
      7    17     2057.7762230  -1684.0669373
      8    17     1855.4398679  -1899.2153061
      9    17     1633.5342394  -2087.6805474
     10    17     1396.1601095  -2247.9315791
     11    17     1147.4754172  -2379.1291783
     12    17      891.5719577  -2481.0998060
     13    17      632.3647008  -2554.2869713
     14    17      373.4976225  -2599.6843930
     15    17      118.2686346  -2618.7557706
     16    17     -130.4251183  -2613.3461558
     17    17     -370.1215644  -2585.5897583
     18    17     -598.8086556  -2537.8185818
     19    17     -814.9218698  -2472.4756348
     20    17    -1017.3267842  -2392.0356831
     21    17    -1205.2896100  -2298.9356746
     22    17    -1378.4387139  -2195.5161468
     23    17    -1536.7200879  -2083.9741696
     24    17    -1680.3495073  -1966.3277285
     25    17    -1809.7637778  -1844.3909306
     26    17    -1925.5730687  -1719.7590326
     27    17    -2028.5158892  -1593.8020408
     28    17    -2119.4178359  -1467.6655030
     29    17    -2199.1548347  -1342.2770894
     30    17    -2268.6212450  -1218.3576128
     31    17    -2328.7028952  -1096.4352578
     32    17    -2380.2548820   -976.8619416
     33    17    -2424.0837894   -859.8309042
     34    17    -2460.9338638   -745.3948100
     35    17    -2491.4766090   -633.4838154
     36    17    -2516.3032406   -523.9232226
     37    17    -2535.9194415   -416.4504804
     38    17    -2550.7418963   -310.7314188
     39    17    -2561.0961357   -206.3757028
     40    17    -2567.2152905   -102.9515729
     41    17    -2569.2394355     -0.0000000
     42    17    -2567.2152905    102.9515729
     43    17    -2561.0961357    206.3757028
     44    17    -2550.7418963    310.7314188
     45    17    -2535.9194415    416.4504804
     46    17    -2516.3032406    523.9232226
     47    17    -2491.4766090    633.4838154
     48    17    -2460.9338638    745.3948100
     49    17    -2424.0837894    859.8309042
     50    17    -2380.2548820    976.8619416
     51    17    -2328.7028952   1096.4352578
     52    17    -2268.6212450   1218.3576128
     53    17    -2199.1548347   1342.2770894
     54    17    -2119.4178359   1467.6655030
     55    17    -2028.5158892   1593.8020408
     56    17    -1925.5730687   1719.7590326
     57    17    -1809.7637778   1844.3909306
     58    17    -1680.3495073   1966.3277285
     59    17    -1536.7200879   2083.9741696
     60    17    -1378.4387139   2195.5161468
     61    17    -1205.2896100   2298.9356746
     62    17    -1017.3267842   2392.0356831
     63    17     -814.9218698   2472.4756348
     64    17     -598.8086556   2537.8185818
     65    17     -370.1215644   2585.5897583
     66    17     -130.4251183   2613.3461558
     67    17      118.2686346   2618.7557706
     68    17      373.4976225   2599.6843930
     69    17      632.3647008   2554.2869713
     70    17      891.5719577   2481.0998060
     71    17     1147.4754172   2379.1291783
     72    17     1396.1601095   2247.9315791
     73    17     1633.5342394   2087.6805474
     74    17     1855.4398679   1899.2153061
     75    17     2057.7762230   1684.0669373
     76    17     2236.6305879   1444.4587612
     77    17     2388.4107929   1183.2788482
     78    17     2509.9727629    904.0241179
     79    17     2598.7364273    610.7171691
     80    17     2652.7836242    307.7987016
     81    17     2670.9324355     -0.0000000
